234758011
242494948
216093324
219603690
203981165
186053574
182788479
207024455
199972077
217148820
245611981
154879835
141432740
245617222
271983508
211664042
242093910
188242326
203994910
215523575
240757416
240757097
217555722
215196443
257572200
223130758
257973407
135024362
260446287
272281836
210375243
215834120
164368411
174122676
155327288
197464860
250626397
221003734
250730160
267844800
179378271
253807400
253892776
188397428
252998497
124167039
244966604
248867637
247224061
190450815
256189850
205693135
180725514
217229000
205693087
173720141
238040153
249735769
215561502
205693003
203959359
213259646
219640562
220897347
245614060
233481894
214833774
134712995
141551852
270051525
179378361
219640133
143296952
134180699
158459288
271445554
134429360
136573053
219604148
277410959
250167028
134492210
203972558
269989187
257137477
215651239
254542539
245585396
247458122
247200257
233932998
256149877
202531701
219339870
213638894
215561427
173720195
192475631
215651209
254542498
